"Acanthamoeba_castellanii_mamavirus"	"Acanthamoeba_polyphaga_mimivirus"	"Acanthamoeba_polyphaga_moumouvirus"	"Acanthocystis_turfacea_Chlorella_virus_1"	"African_swine_fever_virus"	"Amsacta_moorei_entomopoxvirus_L"	"Anomala_cuprea_entomopoxvirus"	"Bathycoccus_sp._RCC1105_virus_BpV1"	"Cafeteria_roenbergensis_virus_BV-PW1"	"Canarypox_virus"	"Ectocarpus_siliculosus_virus_1"	"Emiliania_huxleyi_virus_86"	"Feldmannia_species_virus"	"Frog_virus_3"	"Heliothis_virescens_ascovirus_3e"	"Infectious_spleen_and_kidney_necrosis_virus"	"Invertebrate_iridescent_virus_3"	"Invertebrate_iridescent_virus_6"	"Lausannevirus"	"Lymphocystis_disease_virus_-_isolate_China"	"Marseillevirus"	"Megavirus_chiliensis"	"Melanoplus_sanguinipes_entomopoxvirus"	"Micromonas_pusilla_virus_SP1"	"Micromonas_sp._RCC1109_virus_MpV1"	"Molluscum_contagiosum_virus_subtype_1"	"Mythimna_separata_entomopoxvirus_L"	"Myxoma_virus"	"Nile_crocodilepox_virus"	"Orf_virus"	"Organic_Lake_phycodnavirus_1"	"Organic_Lake_phycodnavirus_2"	"Ostreococcus_lucimarinus_virus_OlV1"	"Ostreococcus_tauri_virus_1"	"Ostreococcus_virus_OsV5"	"Pandoravirus_dulcis"	"Pandoravirus_salinus"	"Paramecium_bursaria_Chlorella_virus_NYs1"	"Phaeocystis_globosa_virus"	"Phaeocystis_globosa_virus_12T"	"Phaeocystis_globosa_virus_14T"	"Pithovirus_sibericum"	"Singapore_grouper_iridovirus"	"Spodoptera_frugiperda_ascovirus_1a"	"Squirrelpox_virus"	"Trichoplusia_ni_ascovirus_2c"	"Vaccinia_virus"	"Wiseana_iridescent_virus"	"Yaba-like_disease_virus"
"Acanthamoeba_castellanii_mamavirus"	1	0.978092783505155	0.563348416289593	0.0568181818181818	0.048689138576779	0.0468920392584515	0.0516647531572905	0.0542099192618224	0.15531660692951	0.0458612975391499	0.0506634499396864	0.0459492140266022	0.039119804400978	0.0306372549019608	0.0368608799048751	0.0319693094629156	0.0489844683393071	0.0563549160671463	0.0761904761904762	0.034564958283671	0.0772486772486772	0.625	0.0463499420625724	0.0545050055617353	0.0545050055617353	0.0378250591016548	0.0471491228070175	0.0449308755760369	0.0408163265306122	0.0352526439482961	0.0765911542610572	0.0738699007717751	0.0509209100758397	0.0523446019629226	0.0489130434782609	0.0508209538702111	0.0503048780487805	0.0634755463059313	0.0710280373831776	0.0710944808231992	0.0713615023474178	0.0781065088757396	0.0327272727272727	0.04	0.0364705882352941	0.0400485436893204	0.0485875706214689	0.0526932084309134	0.0475086906141367
"Acanthamoeba_polyphaga_mimivirus"	0.978092783505155	1	0.571590909090909	0.0567595459236326	0.0486284289276808	0.0457018498367791	0.0504009163802978	0.0529344073647871	0.155131264916468	0.0446428571428571	0.0506024096385542	0.0458937198067633	0.0390720390720391	0.0305997552019584	0.0368171021377672	0.0319284802043423	0.0489260143198091	0.0562874251497006	0.0783898305084746	0.0345238095238095	0.0794491525423729	0.626116071428571	0.0438799076212471	0.0544444444444444	0.0544444444444444	0.0365566037735849	0.0459518599562363	0.0436781609195402	0.0395209580838323	0.0339976553341149	0.0765086206896552	0.0737885462555066	0.0508658008658009	0.0534351145038168	0.0488599348534202	0.05078125	0.0502665651180503	0.0634095634095634	0.0709617180205415	0.0710280373831776	0.0712945590994371	0.076741440377804	0.0326876513317191	0.0399515738498789	0.0352112676056338	0.04	0.0473506200676437	0.0526315789473684	0.046242774566474
"Acanthamoeba_polyphaga_moumouvirus"	0.563348416289593	0.571590909090909	1	0.07002457002457	0.0568356374807988	0.0548302872062663	0.062586926286509	0.0657342657342657	0.193265007320644	0.049597855227882	0.0589101620029455	0.0547337278106509	0.0464767616191904	0.0376506024096386	0.0434782608695652	0.0396825396825397	0.0583090379008746	0.0673499267935578	0.0894206549118388	0.0422125181950509	0.0906801007556675	0.798620689655172	0.0532959326788219	0.0684563758389262	0.0670241286863271	0.0431034482758621	0.0551905387647832	0.0515320334261838	0.0468521229868228	0.0399429386590585	0.086007702182285	0.0887417218543046	0.0623376623376623	0.0641361256544503	0.05859375	0.0548672566371681	0.0541702493551161	0.0740740740740741	0.0769230769230769	0.0770065075921909	0.0773420479302832	0.0952380952380952	0.0416666666666667	0.0474777448071217	0.0399429386590585	0.0475482912332838	0.0557823129251701	0.0625889046941678	0.0532212885154062
"Acanthocystis_turfacea_Chlorella_virus_1"	0.0568181818181818	0.0567595459236326	0.07002457002457	1	0.0681818181818182	0.0441860465116279	0.0438144329896907	0.178362573099415	0.128712871287129	0.0495049504950495	0.107692307692308	0.102803738317757	0.0727848101265823	0.0576923076923077	0.0433526011560694	0.0571428571428571	0.0699708454810496	0.0850439882697947	0.0811965811965812	0.0469208211143695	0.0764331210191083	0.0653889515219842	0.037037037037037	0.177897574123989	0.181081081081081	0.0396600566572238	0.0447058823529412	0.0448548812664908	0.0409356725146199	0.0393258426966292	0.106818181818182	0.0971563981042654	0.162025316455696	0.167095115681234	0.155216284987277	0.0399500624219725	0.0383233532934132	0.669934640522876	0.0817717206132879	0.0819112627986348	0.0806174957118353	0.0723860589812333	0.065625	0.0483383685800604	0.0393258426966292	0.0548780487804878	0.0583756345177665	0.074792243767313	0.048
"African_swine_fever_virus"	0.048689138576779	0.0486284289276808	0.0568356374807988	0.0681818181818182	1	0.103734439834025	0.126903553299492	0.105527638190955	0.156779661016949	0.131455399061033	0.0993788819875776	0.147651006711409	0.0909090909090909	0.15748031496063	0.105590062111801	0.189473684210526	0.135802469135802	0.161490683229814	0.106164383561644	0.12987012987013	0.10580204778157	0.0510344827586207	0.117647058823529	0.0995670995670996	0.0995670995670996	0.121951219512195	0.11063829787234	0.132978723404255	0.138157894736842	0.126506024096386	0.121771217712177	0.115537848605578	0.0866141732283465	0.084	0.0796812749003984	0.0252365930599369	0.027027027027027	0.0684039087947883	0.0813397129186603	0.0815347721822542	0.0823244552058111	0.136125654450262	0.153284671532847	0.115646258503401	0.133333333333333	0.131944444444444	0.125	0.138888888888889	0.129032258064516
"Amsacta_moorei_entomopoxvirus_L"	0.0468920392584515	0.0457018498367791	0.0548302872062663	0.0441860465116279	0.103734439834025	1	0.533632286995516	0.0559006211180124	0.100840336134454	0.172077922077922	0.0607142857142857	0.0659340659340659	0.037593984962406	0.0637450199203187	0.0719424460431655	0.0688073394495413	0.0780141843971631	0.108303249097473	0.0674698795180723	0.05	0.0673076923076923	0.0537634408602151	0.502283105022831	0.0594900849858357	0.0564971751412429	0.169230769230769	0.840579710144927	0.180851063829787	0.186234817813765	0.17175572519084	0.054726368159204	0.0471204188481675	0.0531914893617021	0.0454545454545455	0.0454545454545455	0.0225763612217795	0.0216010165184244	0.0418604651162791	0.0457038391224863	0.0457875457875458	0.0461254612546125	0.0698412698412698	0.0692307692307692	0.0798479087452472	0.17175572519084	0.0801526717557252	0.164473684210526	0.0942760942760943	0.174377224199288
"Anomala_cuprea_entomopoxvirus"	0.0516647531572905	0.0504009163802978	0.062586926286509	0.0438144329896907	0.126903553299492	0.533632286995516	1	0.0685920577617329	0.107936507936508	0.187265917602996	0.0630252100840336	0.0692640692640693	0.0357142857142857	0.0772946859903382	0.0672268907563025	0.0677966101694915	0.092436974789916	0.109704641350211	0.0725806451612903	0.0683760683760684	0.0752688172043011	0.0594184576485461	0.592178770949721	0.0714285714285714	0.0679611650485437	0.203703703703704	0.552995391705069	0.204166666666667	0.220588235294118	0.206422018348624	0.0674157303370786	0.056379821958457	0.0634441087613293	0.0579268292682927	0.0547112462006079	0.0210970464135021	0.021505376344086	0.038560411311054	0.051792828685259	0.0518962075848303	0.0523138832997988	0.0851851851851852	0.0833333333333333	0.0762331838565022	0.206422018348624	0.0765765765765766	0.183206106870229	0.0933852140077821	0.201680672268908
"Bathycoccus_sp._RCC1105_virus_BpV1"	0.0542099192618224	0.0529344073647871	0.0657342657342657	0.178362573099415	0.105527638190955	0.0559006211180124	0.0685920577617329	1	0.160535117056856	0.0714285714285714	0.135746606334842	0.108597285067873	0.127450980392157	0.0780487804878049	0.05	0.0747126436781609	0.0932203389830508	0.10126582278481	0.102777777777778	0.0689655172413793	0.0994475138121547	0.0622617534942821	0.0639097744360902	0.656565656565657	0.6	0.0573770491803279	0.0634920634920635	0.0669144981412639	0.0646551724137931	0.0566801619433198	0.13855421686747	0.145631067961165	0.576576576576577	0.575342465753425	0.561085972850679	0.0313390313390313	0.0298913043478261	0.175438596491228	0.109704641350211	0.109936575052854	0.108510638297872	0.0858208955223881	0.0892018779342723	0.0530973451327434	0.0566801619433198	0.0675675675675676	0.0731707317073171	0.08984375	0.0716981132075472
"Cafeteria_roenbergensis_virus_BV-PW1"	0.15531660692951	0.155131264916468	0.193265007320644	0.128712871287129	0.156779661016949	0.100840336134454	0.107936507936508	0.160535117056856	1	0.0887573964497041	0.113553113553114	0.128787878787879	0.0968992248062016	0.096	0.0777385159010601	0.100917431192661	0.114695340501792	0.129496402877698	0.139240506329114	0.0945454545454545	0.141772151898734	0.180610889774236	0.101639344262295	0.154545454545455	0.154545454545455	0.0874125874125874	0.105413105413105	0.0967741935483871	0.0989010989010989	0.0902777777777778	0.200557103064067	0.190058479532164	0.144886363636364	0.140401146131805	0.140401146131805	0.0471698113207547	0.0437580437580438	0.154822335025381	0.164989939637827	0.162977867203219	0.166666666666667	0.116883116883117	0.1003861003861	0.0817843866171004	0.0865051903114187	0.0943396226415094	0.0972644376899696	0.121621621621622	0.101307189542484
"Canarypox_virus"	0.0458612975391499	0.0446428571428571	0.049597855227882	0.0495049504950495	0.131455399061033	0.172077922077922	0.187265917602996	0.0714285714285714	0.0887573964497041	1	0.0542635658914729	0.0901639344262295	0.0458333333333333	0.0852017937219731	0.06640625	0.100529100529101	0.0772200772200772	0.0972762645914397	0.0717948717948718	0.0846774193548387	0.0716112531969309	0.0502450980392157	0.192156862745098	0.0640243902439024	0.0640243902439024	0.532967032967033	0.178807947019868	0.502439024390244	0.497206703910615	0.476439790575916	0.0555555555555556	0.0474860335195531	0.06	0.0578034682080925	0.0578034682080925	0.0233516483516484	0.025	0.0496277915632754	0.0458891013384321	0.0459770114942529	0.0463320463320463	0.0758620689655172	0.114537444933921	0.0746887966804979	0.5	0.0932203389830508	0.481981981981982	0.0869565217391304	0.532663316582915
"Ectocarpus_siliculosus_virus_1"	0.0506634499396864	0.0506024096385542	0.0589101620029455	0.107692307692308	0.0993788819875776	0.0607142857142857	0.0630252100840336	0.135746606334842	0.113553113553114	0.0542635658914729	1	0.174418604651163	0.584745762711864	0.0787878787878788	0.077319587628866	0.107692307692308	0.108247422680412	0.106598984771574	0.0925925925925926	0.0846560846560847	0.0923076923076923	0.0531208499335989	0.0666666666666667	0.117647058823529	0.11328125	0.0643564356435644	0.0618181818181818	0.0655021834061135	0.0736842105263158	0.0531400966183575	0.0983606557377049	0.102836879432624	0.10431654676259	0.102189781021898	0.106227106227106	0.038109756097561	0.0377358490566038	0.128930817610063	0.0662251655629139	0.0663716814159292	0.0669642857142857	0.0735930735930736	0.092485549132948	0.0833333333333333	0.0531400966183575	0.0898876404494382	0.06	0.102803738317757	0.0663716814159292
"Emiliania_huxleyi_virus_86"	0.0459492140266022	0.0458937198067633	0.0547337278106509	0.102803738317757	0.147651006711409	0.0659340659340659	0.0692640692640693	0.108597285067873	0.128787878787879	0.0901639344262295	0.174418604651163	1	0.13125	0.139072847682119	0.109289617486339	0.15	0.135869565217391	0.152173913043478	0.10828025477707	0.124293785310734	0.107936507936508	0.0521390374331551	0.0783410138248848	0.102766798418972	0.0941176470588235	0.0885416666666667	0.0711610486891386	0.0917431192660551	0.106145251396648	0.0871794871794872	0.100334448160535	0.109090909090909	0.102564102564103	0.0922509225092251	0.0922509225092251	0.0432766615146832	0.0411160058737151	0.106583072100313	0.0743243243243243	0.0720720720720721	0.0751708428246014	0.130841121495327	0.12962962962963	0.125	0.0816326530612245	0.139393939393939	0.0974576271186441	0.138613861386139	0.0930232558139535
"Feldmannia_species_virus"	0.039119804400978	0.0390720390720391	0.0464767616191904	0.0727848101265823	0.0909090909090909	0.037593984962406	0.0357142857142857	0.127450980392157	0.0968992248062016	0.0458333333333333	0.584745762711864	0.13125	1	0.0827586206896552	0.0561797752808989	0.108108108108108	0.0898876404494382	0.0824175824175824	0.0707395498392283	0.0760233918128655	0.0705128205128205	0.0404312668463612	0.0428571428571429	0.109243697478992	0.109243697478992	0.0486486486486487	0.0383141762452107	0.0568720379146919	0.063953488372093	0.0478723404255319	0.0902777777777778	0.106870229007634	0.0957854406130268	0.0933852140077821	0.0933852140077821	0.0344827586206897	0.0327380952380952	0.0903225806451613	0.05720823798627	0.0573394495412844	0.0578703703703704	0.0558139534883721	0.0838709677419355	0.0609756097560976	0.0478723404255319	0.0679012345679012	0.0517241379310345	0.075	0.0576923076923077
"Frog_virus_3"	0.0306372549019608	0.0305997552019584	0.0376506024096386	0.0576923076923077	0.15748031496063	0.0637450199203187	0.0772946859903382	0.0780487804878049	0.096	0.0852017937219731	0.0787878787878788	0.139072847682119	0.0827586206896552	1	0.140127388535032	0.310344827586207	0.225165562913907	0.228758169934641	0.0836120401337793	0.356589147286822	0.079734219269103	0.0324763193504736	0.0824742268041237	0.0669456066945607	0.0714285714285714	0.101190476190476	0.0737704918032787	0.0918367346938776	0.10828025477707	0.0994152046783626	0.0701754385964912	0.0725190839694656	0.0653846153846154	0.0666666666666667	0.0666666666666667	0.0251968503937008	0.0239162929745889	0.0578778135048231	0.0486111111111111	0.0487238979118329	0.0491803278688525	0.117948717948718	0.691489361702128	0.161971830985915	0.0930232558139535	0.171428571428571	0.0981308411214953	0.204678362573099	0.0989583333333333
"Heliothis_virescens_ascovirus_3e"	0.0368608799048751	0.0368171021377672	0.0434782608695652	0.0433526011560694	0.105590062111801	0.0719424460431655	0.0672268907563025	0.05	0.0777385159010601	0.06640625	0.077319587628866	0.109289617486339	0.0561797752808989	0.140127388535032	1	0.169354838709677	0.193370165745856	0.230337078651685	0.0889570552147239	0.131868131868132	0.0886850152905199	0.0379084967320261	0.0807174887892377	0.0514705882352941	0.0514705882352941	0.0640394088669951	0.0851851851851852	0.0606060606060606	0.0732984293193717	0.0631067961165049	0.0532915360501567	0.0576271186440678	0.0405405405405405	0.0412371134020619	0.0448275862068966	0.0255639097744361	0.0257879656160458	0.0465116279069767	0.0431034482758621	0.0431965442764579	0.0435729847494553	0.0969162995594714	0.130952380952381	0.814814814814815	0.0682926829268293	0.710526315789474	0.064	0.185	0.066079295154185
"Infectious_spleen_and_kidney_necrosis_virus"	0.0319693094629156	0.0319284802043423	0.0396825396825397	0.0571428571428571	0.189473684210526	0.0688073394495413	0.0677966101694915	0.0747126436781609	0.100917431192661	0.100529100529101	0.107692307692308	0.15	0.108108108108108	0.310344827586207	0.169354838709677	1	0.198412698412698	0.203125	0.0902255639097744	0.247787610619469	0.0858208955223881	0.0325779036827195	0.0864197530864197	0.0625	0.0676328502415459	0.110294117647059	0.0754716981132075	0.118012422360248	0.129032258064516	0.115942028985507	0.0669291338582677	0.0786026200873362	0.0611353711790393	0.0577777777777778	0.0577777777777778	0.0198347107438017	0.0203761755485893	0.0688405797101449	0.0475	0.0476190476190476	0.0481012658227848	0.115151515151515	0.288659793814433	0.190909090909091	0.107913669064748	0.203703703703704	0.104395604395604	0.170068027210884	0.120253164556962
"Invertebrate_iridescent_virus_3"	0.0489844683393071	0.0489260143198091	0.0583090379008746	0.0699708454810496	0.135802469135802	0.0780141843971631	0.092436974789916	0.0932203389830508	0.114695340501792	0.0772200772200772	0.108247422680412	0.135869565217391	0.0898876404494382	0.225165562913907	0.193370165745856	0.198412698412698	1	0.530612244897959	0.142405063291139	0.19774011299435	0.134796238244514	0.0526315789473684	0.0977777777777778	0.0855018587360595	0.0855018587360595	0.0935960591133005	0.0912408759124088	0.0818965517241379	0.110526315789474	0.0922330097087379	0.0961538461538462	0.0927835051546392	0.0753424657534247	0.0804195804195804	0.0766550522648084	0.029940119760479	0.0314285714285714	0.0701754385964912	0.0652173913043478	0.065359477124183	0.0659340659340659	0.133333333333333	0.217391304347826	0.224242424242424	0.0922330097087379	0.218181818181818	0.0836653386454183	0.786764705882353	0.0829694323144105
"Invertebrate_iridescent_virus_6"	0.0563549160671463	0.0562874251497006	0.0673499267935578	0.0850439882697947	0.161490683229814	0.108303249097473	0.109704641350211	0.10126582278481	0.129496402877698	0.0972762645914397	0.106598984771574	0.152173913043478	0.0824175824175824	0.228758169934641	0.230337078651685	0.203125	0.530612244897959	1	0.155555555555556	0.194444444444444	0.151419558359621	0.0607661822985469	0.116071428571429	0.0966542750929368	0.100746268656716	0.0975609756097561	0.118518518518519	0.0995670995670996	0.114583333333333	0.101449275362319	0.10223642172524	0.0918367346938776	0.0856164383561644	0.0947368421052632	0.0909090909090909	0.0344311377245509	0.0357142857142857	0.0884955752212389	0.0764192139737991	0.0765864332603939	0.0772626931567329	0.151785714285714	0.236024844720497	0.265432098765432	0.0961538461538462	0.259259259259259	0.0956175298804781	0.597402597402597	0.100877192982456
"Lausannevirus"	0.0761904761904762	0.0783898305084746	0.0894206549118388	0.0811965811965812	0.106164383561644	0.0674698795180723	0.0725806451612903	0.102777777777778	0.139240506329114	0.0717948717948718	0.0925925925925926	0.10828025477707	0.0707395498392283	0.0836120401337793	0.0889570552147239	0.0902255639097744	0.142405063291139	0.155555555555556	1	0.086687306501548	0.934362934362934	0.0842956120092379	0.0722222222222222	0.0939086294416244	0.0966921119592875	0.0648967551622419	0.0709046454767726	0.0743801652892562	0.0736196319018405	0.064327485380117	0.0931818181818182	0.0959232613908873	0.0889423076923077	0.0847457627118644	0.0847457627118644	0.0561941251596424	0.056441717791411	0.0836909871244635	0.0752136752136752	0.0753424657534247	0.0758620689655172	0.176119402985075	0.0876623376623377	0.092948717948718	0.064327485380117	0.0932475884244373	0.0703125	0.143712574850299	0.07202216066482
"Lymphocystis_disease_virus_-_isolate_China"	0.034564958283671	0.0345238095238095	0.0422125181950509	0.0469208211143695	0.12987012987013	0.05	0.0683760683760684	0.0689655172413793	0.0945454545454545	0.0846774193548387	0.0846560846560847	0.124293785310734	0.0760233918128655	0.356589147286822	0.131868131868132	0.247787610619469	0.19774011299435	0.194444444444444	0.086687306501548	1	0.0830769230769231	0.036745406824147	0.0821917808219178	0.0601503759398496	0.0641509433962264	0.0871794871794872	0.0625	0.0758928571428571	0.0864864864864865	0.0804020100502513	0.067524115755627	0.0769230769230769	0.0592334494773519	0.0602836879432624	0.0602836879432624	0.0272727272727273	0.0274170274170274	0.0501474926253687	0.050328227571116	0.0504385964912281	0.0508849557522124	0.0986547085201794	0.398496240601504	0.156626506024096	0.0804020100502513	0.157575757575758	0.0826446280991736	0.182741116751269	0.0818181818181818
"Marseillevirus"	0.0772486772486772	0.0794491525423729	0.0906801007556675	0.0764331210191083	0.10580204778157	0.0673076923076923	0.0752688172043011	0.0994475138121547	0.141772151898734	0.0716112531969309	0.0923076923076923	0.107936507936508	0.0705128205128205	0.079734219269103	0.0886850152905199	0.0858208955223881	0.134796238244514	0.151419558359621	0.934362934362934	0.0830769230769231	1	0.0854503464203233	0.075	0.0909090909090909	0.0936708860759494	0.06158357771261	0.0681265206812652	0.0741758241758242	0.0701219512195122	0.061046511627907	0.0979498861047836	0.0956937799043062	0.0887290167865707	0.0845410628019324	0.0845410628019324	0.0574712643678161	0.0563725490196078	0.0835117773019272	0.0769230769230769	0.0770547945205479	0.0775862068965517	0.175595238095238	0.0838709677419355	0.0926517571884984	0.061046511627907	0.092948717948718	0.0701298701298701	0.136498516320475	0.0718232044198895
"Megavirus_chiliensis"	0.625	0.626116071428571	0.798620689655172	0.0653889515219842	0.0510344827586207	0.0537634408602151	0.0594184576485461	0.0622617534942821	0.180610889774236	0.0502450980392157	0.0531208499335989	0.0521390374331551	0.0404312668463612	0.0324763193504736	0.0379084967320261	0.0325779036827195	0.0526315789473684	0.0607661822985469	0.0842956120092379	0.036745406824147	0.0854503464203233	1	0.0509554140127389	0.0648714810281518	0.0622710622710623	0.0403120936280884	0.0540865384615385	0.0493670886075949	0.0436507936507936	0.0388098318240621	0.0836277974087161	0.0860606060606061	0.0593824228028504	0.0610047846889952	0.055952380952381	0.0594142259414226	0.0569105691056911	0.0678733031674208	0.0744466800804829	0.0745216515609265	0.0748230535894843	0.0903141361256544	0.036144578313253	0.041388518024032	0.0388098318240621	0.0414438502673797	0.0532837670384139	0.0566280566280566	0.0495552731893266
"Melanoplus_sanguinipes_entomopoxvirus"	0.0463499420625724	0.0438799076212471	0.0532959326788219	0.037037037037037	0.117647058823529	0.502283105022831	0.592178770949721	0.0639097744360902	0.101639344262295	0.192156862745098	0.0666666666666667	0.0783410138248848	0.0428571428571429	0.0824742268041237	0.0807174887892377	0.0864197530864197	0.0977777777777778	0.116071428571429	0.0722222222222222	0.0821917808219178	0.075	0.0509554140127389	1	0.063758389261745	0.0602006688963211	0.222772277227723	0.506976744186047	0.210526315789474	0.248677248677249	0.219512195121951	0.0545977011494253	0.0521472392638037	0.059375	0.050314465408805	0.050314465408805	0.0200286123032904	0.0204918032786885	0.0371352785145889	0.0467479674796748	0.0468431771894094	0.0472279260780287	0.0769230769230769	0.0886699507389163	0.0913461538461538	0.225490196078431	0.0865384615384615	0.192771084337349	0.102880658436214	0.207964601769911
"Micromonas_pusilla_virus_SP1"	0.0545050055617353	0.0544444444444444	0.0684563758389262	0.177897574123989	0.0995670995670996	0.0594900849858357	0.0714285714285714	0.656565656565657	0.154545454545455	0.0640243902439024	0.117647058823529	0.102766798418972	0.109243697478992	0.0669456066945607	0.0514705882352941	0.0625	0.0855018587360595	0.0966542750929368	0.0939086294416244	0.0601503759398496	0.0909090909090909	0.0648714810281518	0.063758389261745	1	0.774509803921569	0.0503597122302158	0.0664739884393064	0.0629139072847682	0.056390977443609	0.0498220640569395	0.141274238227147	0.141176470588235	0.634042553191489	0.612765957446809	0.59915611814346	0.0312925170068027	0.0299089726918075	0.178378378378378	0.106719367588933	0.106930693069307	0.10337972166998	0.0726072607260726	0.0725806451612903	0.0542635658914729	0.0535714285714286	0.0627450980392157	0.06875	0.0868055555555556	0.0635451505016722
"Micromonas_sp._RCC1109_virus_MpV1"	0.0545050055617353	0.0544444444444444	0.0670241286863271	0.181081081081081	0.0995670995670996	0.0564971751412429	0.0679611650485437	0.6	0.154545454545455	0.0640243902439024	0.11328125	0.0941176470588235	0.109243697478992	0.0714285714285714	0.0514705882352941	0.0676328502415459	0.0855018587360595	0.100746268656716	0.0966921119592875	0.0641509433962264	0.0936708860759494	0.0622710622710623	0.0602006688963211	0.774509803921569	1	0.0503597122302158	0.0634005763688761	0.0629139072847682	0.056390977443609	0.0498220640569395	0.138121546961326	0.127906976744186	0.634042553191489	0.61965811965812	0.612765957446809	0.0326975476839237	0.03125	0.184782608695652	0.102362204724409	0.102564102564103	0.099009900990099	0.076158940397351	0.0769230769230769	0.0542635658914729	0.0535714285714286	0.05859375	0.06875	0.0868055555555556	0.0635451505016722
"Molluscum_contagiosum_virus_subtype_1"	0.0378250591016548	0.0365566037735849	0.0431034482758621	0.0396600566572238	0.121951219512195	0.169230769230769	0.203703703703704	0.0573770491803279	0.0874125874125874	0.532967032967033	0.0643564356435644	0.0885416666666667	0.0486486486486487	0.101190476190476	0.0640394088669951	0.110294117647059	0.0935960591133005	0.0975609756097561	0.0648967551622419	0.0871794871794872	0.06158357771261	0.0403120936280884	0.222772277227723	0.0503597122302158	0.0503597122302158	1	0.181818181818182	0.598726114649682	0.743801652892562	0.730769230769231	0.0555555555555556	0.0495049504950495	0.0466666666666667	0.0510204081632653	0.0474576271186441	0.0177514792899408	0.0183356840620592	0.0457142857142857	0.038135593220339	0.0382165605095541	0.0385438972162741	0.0759493670886076	0.107344632768362	0.074468085106383	0.844262295081967	0.0864864864864865	0.581395348837209	0.0896860986547085	0.653333333333333
"Mythimna_separata_entomopoxvirus_L"	0.0471491228070175	0.0459518599562363	0.0551905387647832	0.0447058823529412	0.11063829787234	0.840579710144927	0.552995391705069	0.0634920634920635	0.105413105413105	0.178807947019868	0.0618181818181818	0.0711610486891386	0.0383141762452107	0.0737704918032787	0.0851851851851852	0.0754716981132075	0.0912408759124088	0.118518518518519	0.0709046454767726	0.0625	0.0681265206812652	0.0540865384615385	0.506976744186047	0.0664739884393064	0.0634005763688761	0.181818181818182	1	0.188405797101449	0.2	0.184313725490196	0.0527638190954774	0.0477453580901857	0.0596205962059621	0.0517711171662125	0.0517711171662125	0.0213618157543391	0.0217391304347826	0.039906103286385	0.0461254612546125	0.0462107208872458	0.0465549348230912	0.067524115755627	0.0790513833992095	0.0941176470588235	0.184313725490196	0.0859375	0.175084175084175	0.103448275862069	0.181818181818182
"Myxoma_virus"	0.0449308755760369	0.0436781609195402	0.0515320334261838	0.0448548812664908	0.132978723404255	0.180851063829787	0.204166666666667	0.0669144981412639	0.0967741935483871	0.502439024390244	0.0655021834061135	0.0917431192660551	0.0568720379146919	0.0918367346938776	0.0606060606060606	0.118012422360248	0.0818965517241379	0.0995670995670996	0.0743801652892562	0.0758928571428571	0.0741758241758242	0.0493670886075949	0.210526315789474	0.0629139072847682	0.0629139072847682	0.598726114649682	0.188405797101449	1	0.578947368421053	0.59748427672956	0.0630372492836676	0.0515151515151515	0.0553846153846154	0.05625	0.05625	0.0242857142857143	0.0259562841530055	0.0561497326203209	0.0463709677419355	0.0464646464646465	0.0468431771894094	0.083969465648855	0.0975609756097561	0.0694444444444444	0.649350649350649	0.07981220657277	0.681564245810056	0.0836653386454183	0.787096774193548
"Nile_crocodilepox_virus"	0.0408163265306122	0.0395209580838323	0.0468521229868228	0.0409356725146199	0.138157894736842	0.186234817813765	0.220588235294118	0.0646551724137931	0.0989010989010989	0.497206703910615	0.0736842105263158	0.106145251396648	0.063953488372093	0.10828025477707	0.0732984293193717	0.129032258064516	0.110526315789474	0.114583333333333	0.0736196319018405	0.0864864864864865	0.0701219512195122	0.0436507936507936	0.248677248677249	0.056390977443609	0.056390977443609	0.743801652892562	0.2	0.578947368421053	1	0.671875	0.0608974358974359	0.0586206896551724	0.0520833333333333	0.0530035335689046	0.0530035335689046	0.0211161387631976	0.021551724137931	0.0471976401179941	0.0458515283842795	0.0459518599562363	0.0463576158940397	0.0892857142857143	0.101190476190476	0.0852272727272727	0.698412698412698	0.0919540229885057	0.526315789473684	0.104761904761905	0.601351351351351
"Orf_virus"	0.0352526439482961	0.0339976553341149	0.0399429386590585	0.0393258426966292	0.126506024096386	0.17175572519084	0.206422018348624	0.0566801619433198	0.0902777777777778	0.476439790575916	0.0531400966183575	0.0871794871794872	0.0478723404255319	0.0994152046783626	0.0631067961165049	0.115942028985507	0.0922330097087379	0.101449275362319	0.064327485380117	0.0804020100502513	0.061046511627907	0.0388098318240621	0.219512195121951	0.0498220640569395	0.0498220640569395	0.730769230769231	0.184313725490196	0.59748427672956	0.671875	1	0.055045871559633	0.0490196078431373	0.0462046204620462	0.0505050505050505	0.0469798657718121	0.0206794682422452	0.019690576652602	0.0453257790368272	0.0378947368421053	0.0379746835443038	0.0382978723404255	0.0794979079497908	0.0994475138121547	0.0732984293193717	0.78125	0.0793650793650794	0.544943820224719	0.0933333333333333	0.619354838709677
"Organic_Lake_phycodnavirus_1"	0.0765911542610572	0.0765086206896552	0.086007702182285	0.106818181818182	0.121771217712177	0.054726368159204	0.0674157303370786	0.13855421686747	0.200557103064067	0.0555555555555556	0.0983606557377049	0.100334448160535	0.0902777777777778	0.0701754385964912	0.0532915360501567	0.0669291338582677	0.0961538461538462	0.10223642172524	0.0931818181818182	0.067524115755627	0.0979498861047836	0.0836277974087161	0.0545977011494253	0.141274238227147	0.138121546961326	0.0555555555555556	0.0527638190954774	0.0630372492836676	0.0608974358974359	0.055045871559633	1	0.724409448818898	0.124352331606218	0.125984251968504	0.120104438642298	0.0345710627400768	0.0343980343980344	0.122401847575058	0.255144032921811	0.255670103092783	0.252587991718426	0.102941176470588	0.0711864406779661	0.0557377049180328	0.0518292682926829	0.0594059405940594	0.0623306233062331	0.0900900900900901	0.0574712643678161
"Organic_Lake_phycodnavirus_2"	0.0738699007717751	0.0737885462555066	0.0887417218543046	0.0971563981042654	0.115537848605578	0.0471204188481675	0.056379821958457	0.145631067961165	0.190058479532164	0.0474860335195531	0.102836879432624	0.109090909090909	0.106870229007634	0.0725190839694656	0.0576271186440678	0.0786026200873362	0.0927835051546392	0.0918367346938776	0.0959232613908873	0.0769230769230769	0.0956937799043062	0.0860606060606061	0.0521472392638037	0.141176470588235	0.127906976744186	0.0495049504950495	0.0477453580901857	0.0515151515151515	0.0586206896551724	0.0490196078431373	0.724409448818898	1	0.123287671232877	0.11878453038674	0.11878453038674	0.035667107001321	0.0354430379746835	0.107913669064748	0.249466950959488	0.247334754797441	0.246781115879828	0.096875	0.0735294117647059	0.0604982206405694	0.0490196078431373	0.0683453237410072	0.0514285714285714	0.0865384615384615	0.0519877675840979
"Ostreococcus_lucimarinus_virus_OlV1"	0.0509209100758397	0.0508658008658009	0.0623376623376623	0.162025316455696	0.0866141732283465	0.0531914893617021	0.0634441087613293	0.576576576576577	0.144886363636364	0.06	0.10431654676259	0.102564102564103	0.0957854406130268	0.0653846153846154	0.0405405405405405	0.0611353711790393	0.0753424657534247	0.0856164383561644	0.0889423076923077	0.0592334494773519	0.0887290167865707	0.0593824228028504	0.059375	0.634042553191489	0.634042553191489	0.0466666666666667	0.0596205962059621	0.0553846153846154	0.0520833333333333	0.0462046204620462	0.124352331606218	0.123287671232877	1	0.822727272727273	0.831050228310502	0.0303830911492734	0.0290771175726928	0.171355498721228	0.0981132075471698	0.0982986767485822	0.096958174904943	0.0743034055727554	0.0706319702602231	0.0425531914893617	0.0496688741721854	0.0539568345323741	0.0612244897959184	0.0771704180064309	0.059190031152648
"Ostreococcus_tauri_virus_1"	0.0523446019629226	0.0534351145038168	0.0641361256544503	0.167095115681234	0.084	0.0454545454545455	0.0579268292682927	0.575342465753425	0.140401146131805	0.0578034682080925	0.102189781021898	0.0922509225092251	0.0933852140077821	0.0666666666666667	0.0412371134020619	0.0577777777777778	0.0804195804195804	0.0947368421052632	0.0847457627118644	0.0602836879432624	0.0845410628019324	0.0610047846889952	0.050314465408805	0.612765957446809	0.61965811965812	0.0510204081632653	0.0517711171662125	0.05625	0.0530035335689046	0.0505050505050505	0.125984251968504	0.11878453038674	0.822727272727273	1	0.808219178082192	0.0264900662251656	0.0253485424588086	0.173575129533679	0.0928030303030303	0.0929791271347249	0.0916030534351145	0.0754716981132075	0.0679245283018868	0.0471014492753623	0.0540540540540541	0.0588235294117647	0.0621301775147929	0.0819672131147541	0.060126582278481
"Ostreococcus_virus_OsV5"	0.0489130434782609	0.0488599348534202	0.05859375	0.155216284987277	0.0796812749003984	0.0454545454545455	0.0547112462006079	0.561085972850679	0.140401146131805	0.0578034682080925	0.106227106227106	0.0922509225092251	0.0933852140077821	0.0666666666666667	0.0448275862068966	0.0577777777777778	0.0766550522648084	0.0909090909090909	0.0847457627118644	0.0602836879432624	0.0845410628019324	0.055952380952381	0.050314465408805	0.59915611814346	0.612765957446809	0.0474576271186441	0.0517711171662125	0.05625	0.0530035335689046	0.0469798657718121	0.120104438642298	0.11878453038674	0.831050228310502	0.808219178082192	1	0.0278514588859416	0.0266497461928934	0.167525773195876	0.0928030303030303	0.0929791271347249	0.0916030534351145	0.06875	0.071969696969697	0.0471014492753623	0.0469798657718121	0.0588235294117647	0.0621301775147929	0.0784313725490196	0.060126582278481
"Pandoravirus_dulcis"	0.0508209538702111	0.05078125	0.0548672566371681	0.0399500624219725	0.0252365930599369	0.0225763612217795	0.0210970464135021	0.0313390313390313	0.0471698113207547	0.0233516483516484	0.038109756097561	0.0432766615146832	0.0344827586206897	0.0251968503937008	0.0255639097744361	0.0198347107438017	0.029940119760479	0.0344311377245509	0.0561941251596424	0.0272727272727273	0.0574712643678161	0.0594142259414226	0.0200286123032904	0.0312925170068027	0.0326975476839237	0.0177514792899408	0.0213618157543391	0.0242857142857143	0.0211161387631976	0.0206794682422452	0.0345710627400768	0.035667107001321	0.0303830911492734	0.0264900662251656	0.0278514588859416	1	0.894736842105263	0.0413016270337922	0.0323974082073434	0.0324324324324324	0.0325732899022801	0.0681481481481482	0.0279503105590062	0.0261136712749616	0.0176730486008837	0.0277349768875193	0.0264255910987483	0.0290275761973875	0.024390243902439
"Pandoravirus_salinus"	0.0503048780487805	0.0502665651180503	0.0541702493551161	0.0383233532934132	0.027027027027027	0.0216010165184244	0.021505376344086	0.0298913043478261	0.0437580437580438	0.025	0.0377358490566038	0.0411160058737151	0.0327380952380952	0.0239162929745889	0.0257879656160458	0.0203761755485893	0.0314285714285714	0.0357142857142857	0.056441717791411	0.0274170274170274	0.0563725490196078	0.0569105691056911	0.0204918032786885	0.0299089726918075	0.03125	0.0183356840620592	0.0217391304347826	0.0259562841530055	0.021551724137931	0.019690576652602	0.0343980343980344	0.0354430379746835	0.0290771175726928	0.0253485424588086	0.0266497461928934	0.894736842105263	1	0.0383693045563549	0.0344827586206897	0.0345188284518828	0.0346638655462185	0.0648801128349788	0.0265486725663717	0.0263157894736842	0.0182584269662921	0.0263543191800878	0.0279627163781625	0.0305131761442441	0.0274725274725275
"Paramecium_bursaria_Chlorella_virus_NYs1"	0.0634755463059313	0.0634095634095634	0.0740740740740741	0.669934640522876	0.0684039087947883	0.0418604651162791	0.038560411311054	0.175438596491228	0.154822335025381	0.0496277915632754	0.128930817610063	0.106583072100313	0.0903225806451613	0.0578778135048231	0.0465116279069767	0.0688405797101449	0.0701754385964912	0.0884955752212389	0.0836909871244635	0.0501474926253687	0.0835117773019272	0.0678733031674208	0.0371352785145889	0.178378378378378	0.184782608695652	0.0457142857142857	0.039906103286385	0.0561497326203209	0.0471976401179941	0.0453257790368272	0.122401847575058	0.107913669064748	0.171355498721228	0.173575129533679	0.167525773195876	0.0413016270337922	0.0383693045563549	1	0.0931034482758621	0.0932642487046632	0.0920138888888889	0.0813008130081301	0.0625	0.0516717325227964	0.0423728813559322	0.0582822085889571	0.0612244897959184	0.0779944289693593	0.0594594594594595
"Phaeocystis_globosa_virus"	0.0710280373831776	0.0709617180205415	0.0769230769230769	0.0817717206132879	0.0813397129186603	0.0457038391224863	0.051792828685259	0.109704641350211	0.164989939637827	0.0458891013384321	0.0662251655629139	0.0743243243243243	0.05720823798627	0.0486111111111111	0.0431034482758621	0.0475	0.0652173913043478	0.0764192139737991	0.0752136752136752	0.050328227571116	0.0769230769230769	0.0744466800804829	0.0467479674796748	0.106719367588933	0.102362204724409	0.038135593220339	0.0461254612546125	0.0463709677419355	0.0458515283842795	0.0378947368421053	0.255144032921811	0.249466950959488	0.0981132075471698	0.0928030303030303	0.0928030303030303	0.0323974082073434	0.0344827586206897	0.0931034482758621	1	0.986876640419947	0.981578947368421	0.0739219712525667	0.0497737556561086	0.0444444444444444	0.0378947368421053	0.046875	0.0444874274661509	0.0668058455114822	0.0466531440162272
"Phaeocystis_globosa_virus_12T"	0.0710944808231992	0.0710280373831776	0.0770065075921909	0.0819112627986348	0.0815347721822542	0.0457875457875458	0.0518962075848303	0.109936575052854	0.162977867203219	0.0459770114942529	0.0663716814159292	0.0720720720720721	0.0573394495412844	0.0487238979118329	0.0431965442764579	0.0476190476190476	0.065359477124183	0.0765864332603939	0.0753424657534247	0.0504385964912281	0.0770547945205479	0.0745216515609265	0.0468431771894094	0.106930693069307	0.102564102564103	0.0382165605095541	0.0462107208872458	0.0464646464646465	0.0459518599562363	0.0379746835443038	0.255670103092783	0.247334754797441	0.0982986767485822	0.0929791271347249	0.0929791271347249	0.0324324324324324	0.0345188284518828	0.0932642487046632	0.986876640419947	1	0.973753280839895	0.0740740740740741	0.0498866213151927	0.044543429844098	0.0379746835443038	0.0469798657718121	0.0445736434108527	0.0669456066945607	0.0467479674796748
"Phaeocystis_globosa_virus_14T"	0.0713615023474178	0.0712945590994371	0.0773420479302832	0.0806174957118353	0.0823244552058111	0.0461254612546125	0.0523138832997988	0.108510638297872	0.166666666666667	0.0463320463320463	0.0669642857142857	0.0751708428246014	0.0578703703703704	0.0491803278688525	0.0435729847494553	0.0481012658227848	0.0659340659340659	0.0772626931567329	0.0758620689655172	0.0508849557522124	0.0775862068965517	0.0748230535894843	0.0472279260780287	0.10337972166998	0.099009900990099	0.0385438972162741	0.0465549348230912	0.0468431771894094	0.0463576158940397	0.0382978723404255	0.252587991718426	0.246781115879828	0.096958174904943	0.0916030534351145	0.0916030534351145	0.0325732899022801	0.0346638655462185	0.0920138888888889	0.981578947368421	0.973753280839895	1	0.0746887966804979	0.0503432494279176	0.0449438202247191	0.0382978723404255	0.0474040632054176	0.044921875	0.0675105485232067	0.0471311475409836
"Pithovirus_sibericum"	0.0781065088757396	0.076741440377804	0.0952380952380952	0.0723860589812333	0.136125654450262	0.0698412698412698	0.0851851851851852	0.0858208955223881	0.116883116883117	0.0758620689655172	0.0735930735930736	0.130841121495327	0.0558139534883721	0.117948717948718	0.0969162995594714	0.115151515151515	0.133333333333333	0.151785714285714	0.176119402985075	0.0986547085201794	0.175595238095238	0.0903141361256544	0.0769230769230769	0.0726072607260726	0.076158940397351	0.0759493670886076	0.067524115755627	0.083969465648855	0.0892857142857143	0.0794979079497908	0.102941176470588	0.096875	0.0743034055727554	0.0754716981132075	0.06875	0.0681481481481482	0.0648801128349788	0.0813008130081301	0.0739219712525667	0.0740740740740741	0.0746887966804979	1	0.117073170731707	0.108490566037736	0.075	0.109004739336493	0.0854092526690391	0.126530612244898	0.0849420849420849
